
metadata:
    version:
        essentia: "2.1-beta6-dev"
        essentia_git_sha: "v2.1_beta5-239-g1fd49022"
        extractor: "music 2.0"
    audio_properties:
        analysis:
            equal_loudness: 0
            length: 106.904670715
            sample_rate: 44100
            start_time: 0
            downmix: "mix"
        bit_rate: 192000
        length: 106.904670715
        lossless: 0
        number_channels: 2
        replay_gain: -0.809881210327
        sample_rate: 44100
        codec: "mp3float"
        md5_encoded: "37066424a9e10742b49c690f4f2f8955"
    tags:
        file_name: "beatles_1963.mp3"
        encoding: ["Lavf57.56.101"]

lowlevel:
    average_loudness: 0.627369761467
    barkbands_crest:
        mean: 10.5017051697
        stdev: 4.3153014183
    barkbands_flatness_db:
        mean: 0.165990933776
        stdev: 0.0760354474187
    barkbands_kurtosis:
        mean: 8.83759212494
        stdev: 15.6616945267
    barkbands_skewness:
        mean: 1.41556203365
        stdev: 1.92207705975
    barkbands_spread:
        mean: 18.5803966522
        stdev: 16.2028102875
    dissonance:
        mean: 0.450130313635
        stdev: 0.050342861563
    dynamic_complexity: 6.51960468292
    erbbands_crest:
        mean: 11.3704309464
        stdev: 5.95189857483
    erbbands_flatness_db:
        mean: 0.204859897494
        stdev: 0.0700468346477
    erbbands_kurtosis:
        mean: 3.74471783638
        stdev: 7.63493919373
    erbbands_skewness:
        mean: 0.505603969097
        stdev: 1.61426639557
    erbbands_spread:
        mean: 28.2215690613
        stdev: 17.7269897461
    hfc:
        mean: 10.8862600327
        stdev: 16.2425785065
    loudness_ebu128:
        integrated: -25.2046337128
        loudness_range: 6.52557182312
        momentary:
            mean: -28.1295986176
            stdev: 6.06892824173
        short_term:
            mean: -26.2210636139
            stdev: 2.25607609749
    melbands_crest:
        mean: 13.1259975433
        stdev: 5.02921152115
    melbands_flatness_db:
        mean: 0.22430370748
        stdev: 0.0927936136723
    melbands_kurtosis:
        mean: 13.2621488571
        stdev: 18.0618419647
    melbands_skewness:
        mean: 2.05461597443
        stdev: 1.79143226147
    melbands_spread:
        mean: 26.4508609772
        stdev: 27.3100242615
    pitch_salience:
        mean: 0.645223796368
        stdev: 0.109499484301
    silence_rate_20dB:
        mean: 1
        stdev: 0
    silence_rate_30dB:
        mean: 0.990662336349
        stdev: 0.0961806476116
    silence_rate_60dB:
        mean: 0.324429959059
        stdev: 0.468152612448
    spectral_centroid:
        mean: 1392.98083496
        stdev: 986.418457031
    spectral_complexity:
        mean: 9.32573318481
        stdev: 8.2014093399
    spectral_decrease:
        mean: -3.70615760303e-09
        stdev: 5.36585709199e-09
    spectral_energy:
        mean: 0.0149753168225
        stdev: 0.0213254094124
    spectral_energyband_high:
        mean: 0.000246699491981
        stdev: 0.000951492169406
    spectral_energyband_low:
        mean: 0.00142246240284
        stdev: 0.0032530608587
    spectral_energyband_middle_high:
        mean: 0.00333499163389
        stdev: 0.00731164077297
    spectral_energyband_middle_low:
        mean: 0.0104422839358
        stdev: 0.0188188701868
    spectral_entropy:
        mean: 7.25373840332
        stdev: 0.645222783089
    spectral_flux:
        mean: 0.0572461001575
        stdev: 0.0464572161436
    spectral_kurtosis:
        mean: 7.81980705261
        stdev: 7.69020557404
    spectral_rms:
        mean: 0.00306771625765
        stdev: 0.00228016963229
    spectral_rolloff:
        mean: 1603.53405762
        stdev: 1465.13708496
    spectral_skewness:
        mean: 1.72809207439
        stdev: 0.828921914101
    spectral_spread:
        mean: 3422288.5
        stdev: 1376482.625
    spectral_strongpeak:
        mean: 1.12113535404
        stdev: 1.58748555183
    zerocrossingrate:
        mean: 0.0607795119286
        stdev: 0.0424188040197
    barkbands:
        mean: [1.66254340002e-05, 0.000264969770797, 0.000741095107514, 0.000763928343076, 0.00284549617209, 0.002950939117, 0.00177129753865, 0.00119588000234, 0.000767291348893, 0.000363833736628, 0.000299363018712, 0.000889872782864, 0.000346106971847, 0.000413511093939, 0.000245619507041, 0.000225004856475, 0.000238855136558, 0.000144595498568, 0.000168667698745, 0.000135751542985, 8.33541344036e-05, 4.15510803577e-05, 2.39680957748e-05, 2.46305335168e-05, 9.72358793661e-06, 3.19407422467e-06, 1.8849223693e-07]
        stdev: [6.78099895595e-05, 0.000607787864283, 0.00168368488085, 0.00232289428823, 0.00537885352969, 0.00794343743473, 0.0068267993629, 0.00483096577227, 0.00283316010609, 0.00154117401689, 0.00156217324547, 0.00389907718636, 0.00132508599199, 0.00175780185964, 0.000827016716357, 0.00112447538413, 0.000912009039894, 0.00040282131522, 0.000735178298783, 0.000497014727443, 0.000351405120455, 0.000246734707616, 0.00012504112965, 0.00013638503151, 5.26890726178e-05, 1.91716353584e-05, 2.50930071388e-07]
    erbbands:
        mean: [0.00599662680179, 0.0738845169544, 0.646487295628, 2.0289375782, 5.20606231689, 10.5438804626, 15.5826444626, 26.2584476471, 31.3013954163, 18.8662433624, 27.931476593, 19.0053882599, 12.1536035538, 11.0164422989, 15.8750171661, 40.4259338379, 16.2713832855, 22.1597423553, 16.2043952942, 11.7768449783, 13.2620077133, 13.6379375458, 9.23544216156, 6.47282266617, 9.45571994781, 6.6673116684, 4.15278863907, 2.64372086525, 1.56712830067, 1.04961752892, 0.622838199139, 0.507475912571, 0.402191132307, 0.146020263433, 0.0510723181069, 0.0209754798561, 0.00434429012239, 0.000652644608635, 2.31786634686e-05, 1.83088686754e-05]
        stdev: [0.0189098455012, 0.151481702924, 1.32485485077, 5.82519626617, 9.45545387268, 21.3045482635, 61.141834259, 69.9606246948, 112.456169128, 74.0275115967, 106.848350525, 71.5792770386, 50.7504386902, 45.0339813232, 56.4908485413, 181.967453003, 51.2006187439, 90.3617935181, 66.8398666382, 40.6120567322, 67.7497177124, 47.9964981079, 25.398235321, 22.7407398224, 44.1746444702, 24.9364318848, 16.672832489, 11.7336301804, 8.45325469971, 6.59794855118, 3.03659677505, 2.46687698364, 2.58117127419, 0.846543908119, 0.244036003947, 0.132122576237, 0.0228344537318, 0.0017784278607, 4.59785223939e-05, 2.52106310654e-05]
    gfcc:
        mean: [-104.447631836, 104.995506287, -124.812675476, 29.5703144073, -54.1542816162, -9.21760368347, -39.9536743164, -2.93951487541, -25.5862522125, -0.56806820631, -11.367931366, 0.826115489006, -13.2153949738]
        cov: [[6431.34277344, 1066.32897949, -829.875671387, -451.829437256, -523.454956055, -361.815948486, -246.603546143, -127.707824707, -287.918762207, -333.388153076, 126.468521118, -454.57333374, -84.8251495361], [1066.32897949, 2148.19726562, 186.481552124, -672.737060547, 135.744659424, -619.272338867, -119.079467773, -94.4374694824, 24.1884841919, -300.211883545, 82.0296707153, -245.755157471, -41.0060958862], [-829.875671387, 186.481552124, 1199.62475586, 191.754226685, -223.756820679, -209.81741333, -81.8060073853, -75.4381103516, -35.4607505798, -5.01669073105, -12.1387643814, 167.393264771, -50.4185447693], [-451.829437256, -672.737060547, 191.754226685, 749.572753906, 41.7610702515, 33.5665397644, -15.9452447891, -50.1106147766, 48.5131187439, 99.4783554077, -34.3621673584, 79.0640716553, 31.3875904083], [-523.454956055, 135.744659424, -223.756820679, 41.7610702515, 497.087036133, 101.913711548, -70.3306655884, 42.9946708679, 64.3221740723, 20.9132156372, -24.3254966736, -57.9573402405, 56.8711090088], [-361.815948486, -619.272338867, -209.81741333, 33.5665397644, 101.913711548, 655.074890137, 128.861709595, 114.998901367, -69.9849090576, 99.7376251221, -32.0336265564, 2.23948407173, 35.5185394287], [-246.603546143, -119.079467773, -81.8060073853, -15.9452447891, -70.3306655884, 128.861709595, 311.484527588, 60.1558303833, -3.44609427452, 11.8380184174, -7.7182674408, 14.0943212509, -36.7915649414], [-127.707824707, -94.4374694824, -75.4381103516, -50.1106147766, 42.9946708679, 114.998901367, 60.1558303833, 162.254135132, 13.425447464, 7.02261686325, -23.1389923096, -17.6433105469, -2.61755514145], [-287.918762207, 24.1884841919, -35.4607505798, 48.5131187439, 64.3221740723, -69.9849090576, -3.44609427452, 13.425447464, 154.701187134, 39.6057510376, -14.2093133926, 7.30826807022, 3.41190624237], [-333.388153076, -300.211883545, -5.01669073105, 99.4783554077, 20.9132156372, 99.7376251221, 11.8380184174, 7.02261686325, 39.6057510376, 143.168563843, 5.82758903503, 34.3563766479, 5.41227769852], [126.468521118, 82.0296707153, -12.1387643814, -34.3621673584, -24.3254966736, -32.0336265564, -7.7182674408, -23.1389923096, -14.2093133926, 5.82758903503, 92.1229476929, 8.15611362457, -11.0031242371], [-454.57333374, -245.755157471, 167.393264771, 79.0640716553, -57.9573402405, 2.23948407173, 14.0943212509, -17.6433105469, 7.30826807022, 34.3563766479, 8.15611362457, 158.653915405, 12.7815170288], [-84.8251495361, -41.0060958862, -50.4185447693, 31.3875904083, 56.8711090088, 35.5185394287, -36.7915649414, -2.61755514145, 3.41190624237, 5.41227769852, -11.0031242371, 12.7815170288, 86.4332046509]]
        icov: [[0.000410980457673, -0.000394006376155, 0.000566001690459, -0.000389547989471, 0.000869316339958, -0.000139671450597, 0.000614242162555, -0.000132567700348, 0.000637755729258, 7.53366621211e-05, 2.08537276194e-05, 0.000339155812981, 0.000353492185241], [-0.000394006376155, 0.00326943933032, -0.00205685617402, 0.00262976437807, -0.0025415380951, 0.00183476344682, -0.00166905345395, 0.00151096913032, -0.00195767637342, 0.00297566689551, -0.00249409256503, 0.00387091143057, -0.00173573452048], [0.000566001690459, -0.00205685617402, 0.00282079447061, -0.00197713146918, 0.00238872668706, -0.000766148907132, 0.00185619993135, -0.000956982548814, 0.00206769816577, -0.00145614566281, 0.00189999735449, -0.00299325701781, 0.00214137975127], [-0.000389547989471, 0.00262976437807, -0.00197713146918, 0.00381808890961, -0.00236241985112, 0.00142022315413, -0.00154512072913, 0.00185120769311, -0.00188687385526, 0.00129210681189, -0.00126487272792, 0.00262281228788, -0.00186063756701], [0.000869316339958, -0.0025415380951, 0.00238872668706, -0.00236241985112, 0.00565099995583, -0.00183891959023, 0.00274959788658, -0.00151411641855, 0.000841791625135, -0.00135745864827, 0.00156226987019, -0.000973252637777, 0.00045524482266], [-0.000139671450597, 0.00183476344682, -0.000766148907132, 0.00142022315413, -0.00183891959023, 0.00388756813481, -0.00173951045144, -0.00055263628019, 0.00139494845644, -0.000568883260712, -0.000583095708862, 0.0021415555384, -0.00178439018782], [0.000614242162555, -0.00166905345395, 0.00185619993135, -0.00154512072913, 0.00274959788658, -0.00173951045144, 0.00566046265885, -0.00174296577461, 0.000909358845092, -0.000456717563793, 0.00118559028488, -0.00193908973597, 0.00314754527062], [-0.000132567700348, 0.00151096913032, -0.000956982548814, 0.00185120769311, -0.00151411641855, -0.00055263628019, -0.00174296577461, 0.0088875638321, -0.0022957676556, 0.00192862504628, 0.000182167554158, 0.00234432634898, -0.000246781652095], [0.000637755729258, -0.00195767637342, 0.00206769816577, -0.00188687385526, 0.000841791625135, 0.00139494845644, 0.000909358845092, -0.0022957676556, 0.0111642591655, -0.00503313308582, 0.00303991185501, -0.00218517985195, 0.00136349059176], [7.53366621211e-05, 0.00297566689551, -0.00145614566281, 0.00129210681189, -0.00135745864827, -0.000568883260712, -0.000456717563793, 0.00192862504628, -0.00503313308582, 0.013869180344, -0.00455528637394, 0.00299047958106, -0.000533908838406], [2.08537276194e-05, -0.00249409256503, 0.00189999735449, -0.00126487272792, 0.00156226987019, -0.000583095708862, 0.00118559028488, 0.000182167554158, 0.00303991185501, -0.00455528637394, 0.0147087043151, -0.00482564233243, 0.00287800142542], [0.000339155812981, 0.00387091143057, -0.00299325701781, 0.00262281228788, -0.000973252637777, 0.0021415555384, -0.00193908973597, 0.00234432634898, -0.00218517985195, 0.00299047958106, -0.00482564233243, 0.0152320601046, -0.004491050262], [0.000353492185241, -0.00173573452048, 0.00214137975127, -0.00186063756701, 0.00045524482266, -0.00178439018782, 0.00314754527062, -0.000246781652095, 0.00136349059176, -0.000533908838406, 0.00287800142542, -0.004491050262, 0.0157940257341]]
    melbands:
        mean: [6.14589735051e-05, 0.000269145413768, 0.000423279503593, 0.000585026689805, 0.000531366444193, 0.000599130871706, 0.000446694524726, 0.000212015322177, 0.000221004112973, 0.000108120977529, 5.75537669647e-05, 4.34240428149e-05, 4.24041245424e-05, 0.000114176240459, 5.08453158545e-05, 3.57828539563e-05, 4.2130897782e-05, 2.70951350103e-05, 1.66938916664e-05, 1.40867441587e-05, 1.61126099556e-05, 1.39494577525e-05, 1.18182542792e-05, 5.87612021263e-06, 4.92995104651e-06, 6.74729790262e-06, 6.23918595011e-06, 4.00009867008e-06, 2.54160408986e-06, 2.24292966777e-06, 1.29915895286e-06, 9.30734358917e-07, 6.73490205827e-07, 5.42305656381e-07, 3.518659355e-07, 3.38079587436e-07, 2.86905105895e-07, 2.87310768954e-07, 2.230584073e-07, 9.25655783135e-08]
        stdev: [0.000158124967129, 0.000545988616068, 0.000955924158916, 0.00102731550578, 0.0017838521162, 0.0015701475786, 0.00156918924768, 0.000831417448353, 0.00081890122965, 0.000418713199906, 0.00024782581022, 0.000181146227987, 0.000208067591302, 0.000510481477249, 0.000171926149051, 0.00014634297986, 0.000187941463082, 0.000128692452563, 5.36228544661e-05, 6.38738129055e-05, 9.42758852034e-05, 5.07997319801e-05, 3.83753904316e-05, 1.6718329789e-05, 1.93900250451e-05, 2.97022343148e-05, 2.45326809818e-05, 1.70321836777e-05, 1.00575280157e-05, 1.05854314825e-05, 6.08500067756e-06, 5.21804713571e-06, 4.25884081778e-06, 3.4722311284e-06, 1.83774898233e-06, 1.60756599143e-06, 1.44786520195e-06, 1.83168469903e-06, 1.51705012286e-06, 4.97620987971e-07]
    melbands128:
        mean: [1.48862372953e-05, 4.55118824902e-05, 6.22989900876e-05, 0.000125694568851, 0.000253570906352, 0.000400186923798, 0.000412315537687, 0.000370664754882, 0.000508430821355, 0.000668235239573, 0.00058789079776, 0.000509766396135, 0.000544548267499, 0.000513185455929, 0.000561205437407, 0.000679746852256, 0.000645764870569, 0.000394165574107, 0.000224424162298, 0.000169370425283, 0.000220451634959, 0.00028807335184, 0.000222127026063, 0.000158821145305, 0.000137205468491, 7.62753770687e-05, 5.90453964833e-05, 6.66583364364e-05, 4.25333746534e-05, 4.63280339318e-05, 3.70999805455e-05, 5.01835238538e-05, 4.48104183306e-05, 3.6450841435e-05, 4.92196450068e-05, 0.000214275496546, 0.00010091321019, 2.40388380917e-05, 3.1383595342e-05, 2.99808580166e-05, 4.10241191275e-05, 3.62322207366e-05, 5.31425539521e-05, 3.49317670043e-05, 2.97918704746e-05, 3.02248354274e-05, 1.92063998838e-05, 1.4125148482e-05, 1.89519614651e-05, 1.40273832585e-05, 1.3976140508e-05, 1.21134826259e-05, 1.6530193534e-05, 1.94360745809e-05, 1.20886716104e-05, 1.25707410916e-05, 1.66302252183e-05, 1.33083995024e-05, 1.03006705103e-05, 8.11004338175e-06, 5.75866397412e-06, 3.90979766962e-06, 4.62366915599e-06, 5.33127376912e-06, 5.42981979379e-06, 5.92751393924e-06, 8.8366550699e-06, 6.69433529765e-06, 5.69447820453e-06, 5.61423212275e-06, 4.09593531003e-06, 3.13970599564e-06, 2.70870987151e-06, 2.23432425628e-06, 2.62811977336e-06, 2.63353354057e-06, 1.93488085642e-06, 1.45325839185e-06, 1.22212770748e-06, 1.12528709906e-06, 1.01173418443e-06, 8.59581291479e-07, 7.18615069673e-07, 6.4733904992e-07, 6.55992209886e-07, 5.81869187499e-07, 5.27940983375e-07, 3.86962597076e-07, 3.54066145292e-07, 3.12006534386e-07, 3.05543977674e-07, 3.59737413191e-07, 3.76593050078e-07, 2.63856918536e-07, 2.56442660884e-07, 2.47660210562e-07, 2.97761431511e-07, 3.48226535607e-07, 2.3243154601e-07, 1.74040650336e-07, 9.06940513801e-08, 9.03037076228e-08, 7.28604661049e-08, 6.66212613964e-08, 5.06198958306e-08, 5.2892826119e-08, 4.07997085006e-08, 4.28030304533e-08, 4.20992627426e-08, 2.64859600918e-08, 2.28718732842e-08, 1.72922973718e-08, 1.06270903188e-08, 7.73007435839e-09, 6.49786446871e-09, 6.92116719492e-09, 6.55144916095e-09, 5.84924123026e-12, 1.98500612648e-12, 1.92943491045e-12, 1.88131736752e-12, 1.84041952685e-12, 1.80197089888e-12, 1.77056470613e-12, 1.74401964224e-12, 1.72241322767e-12, 1.70805719828e-12, 1.69822261722e-12]
        stdev: [6.46480330033e-05, 0.000176516507054, 0.000182345771464, 0.000278268824331, 0.000524254399352, 0.000990080647171, 0.00138328690082, 0.00105643458664, 0.00104030722287, 0.00149071146734, 0.00137096235994, 0.00182285381015, 0.00282672117464, 0.00201037689112, 0.00182818667963, 0.0024328592699, 0.00285679521039, 0.00182062084787, 0.00151653494686, 0.000899623264559, 0.0011355628958, 0.00153667095583, 0.000965035287663, 0.000735893670935, 0.000674200768117, 0.000418976997025, 0.000333543575834, 0.000370881083654, 0.000229174707783, 0.00021656381432, 0.000203998788493, 0.00035647911136, 0.000286683120066, 0.000200347247301, 0.000183666968951, 0.00112995610107, 0.0004897636245, 9.41934995353e-05, 0.000133871042635, 0.000140143878525, 0.000249855191214, 0.000185241529834, 0.000317483732942, 0.000203282979783, 0.000181019757292, 0.000193302868865, 9.00837985682e-05, 5.73279212404e-05, 8.71761658345e-05, 7.70451370045e-05, 8.78651480889e-05, 8.67518974701e-05, 0.000134647038067, 0.000171228210093, 5.58883548365e-05, 5.33799902769e-05, 0.000110291875899, 4.83121038997e-05, 3.63026374544e-05, 3.15152283292e-05, 1.83188003575e-05, 1.32521827254e-05, 1.64648445207e-05, 2.63762522081e-05, 2.78282259387e-05, 2.60215219896e-05, 6.32713854429e-05, 4.25918005931e-05, 2.26386637223e-05, 2.32362344832e-05, 2.54278947978e-05, 1.55014749907e-05, 1.26953445942e-05, 8.93680498848e-06, 1.20259637697e-05, 1.43989282151e-05, 1.00904926512e-05, 6.87782812747e-06, 5.78746994506e-06, 7.90866943134e-06, 6.38790197627e-06, 4.73983027405e-06, 4.16859984398e-06, 4.79201889902e-06, 4.4704006541e-06, 3.98603060603e-06, 3.65553478332e-06, 2.28259659707e-06, 2.1479922907e-06, 1.55405177793e-06, 1.50037681124e-06, 1.76043067768e-06, 2.28286489801e-06, 1.35430843784e-06, 1.50325320192e-06, 1.42920237067e-06, 2.09191603062e-06, 2.85663259092e-06, 1.55869599894e-06, 1.27056398469e-06, 5.12469569003e-07, 4.96814834605e-07, 3.77089520498e-07, 3.57746642976e-07, 2.21949278512e-07, 2.92625770726e-07, 2.41136064005e-07, 3.20602055126e-07, 3.18533892596e-07, 1.75328011665e-07, 1.45277596175e-07, 1.16654994997e-07, 5.18366150004e-08, 3.44806174724e-08, 2.71500173454e-08, 1.86953972303e-08, 9.18932485661e-09, 2.47495270805e-11, 4.60479267564e-12, 4.4840220946e-12, 4.37564741385e-12, 4.28022201016e-12, 4.19569110358e-12, 4.12317749388e-12, 4.06334341174e-12, 4.01456428864e-12, 3.98020201867e-12, 3.95895382449e-12]
    mfcc:
        mean: [-745.996948242, 136.851074219, -13.3597164154, 34.2303543091, -0.795135200024, -1.29731214046, -6.92690229416, -4.169962883, -12.6447038651, -4.15497922897, -6.67130947113, 1.90676295757, -2.7754611969]
        cov: [[6449.18115234, 668.627258301, -628.230651855, -344.462524414, -357.650115967, -465.271057129, -8.30287075043, -202.64944458, -336.454833984, -20.2540340424, -80.4394760132, -90.8477706909, -145.161895752], [668.627258301, 2601.24291992, -73.7315292358, -179.893768311, 45.1918029785, -562.246520996, -150.606567383, -85.0944824219, -158.371246338, -144.621841431, -36.4217720032, -2.20728182793, -67.8206253052], [-628.230651855, -73.7315292358, 1174.44812012, 272.72744751, -170.80456543, -34.6294403076, -85.4886398315, -12.1258420944, -105.474182129, -153.926132202, -61.7879562378, 26.4701728821, 13.2754869461], [-344.462524414, -179.893768311, 272.72744751, 680.532043457, 54.3556785583, -13.0649337769, -179.039672852, -62.3123321533, -59.089881897, -11.2857656479, -59.5081100464, -18.5087356567, 8.74615955353], [-357.650115967, 45.1918029785, -170.80456543, 54.3556785583, 514.554321289, 70.1810073853, -19.7368774414, -58.191783905, 51.3147277832, 36.1592102051, -26.145154953, -48.5444869995, 11.8021354675], [-465.271057129, -562.246520996, -34.6294403076, -13.0649337769, 70.1810073853, 347.858978271, 117.415374756, 29.2896728516, 91.2351837158, 50.0846443176, 38.5634689331, 13.6153411865, 10.0741481781], [-8.30287075043, -150.606567383, -85.4886398315, -179.039672852, -19.7368774414, 117.415374756, 274.671813965, 89.5236053467, 54.2569274902, 46.1336288452, 46.5798950195, -1.57533788681, -8.00023365021], [-202.64944458, -85.0944824219, -12.1258420944, -62.3123321533, -58.191783905, 29.2896728516, 89.5236053467, 162.398803711, 62.3826713562, 15.5026626587, 29.0829849243, 4.31485080719, 0.562156140804], [-336.454833984, -158.371246338, -105.474182129, -59.089881897, 51.3147277832, 91.2351837158, 54.2569274902, 62.3826713562, 178.779281616, 72.536315918, 18.840719223, 3.33025598526, -1.44516801834], [-20.2540340424, -144.621841431, -153.926132202, -11.2857656479, 36.1592102051, 50.0846443176, 46.1336288452, 15.5026626587, 72.536315918, 150.069442749, 56.6720657349, -15.2974824905, -11.9371490479], [-80.4394760132, -36.4217720032, -61.7879562378, -59.5081100464, -26.145154953, 38.5634689331, 46.5798950195, 29.0829849243, 18.840719223, 56.6720657349, 116.559135437, 22.9280929565, -15.7451601028], [-90.8477706909, -2.20728182793, 26.4701728821, -18.5087356567, -48.5444869995, 13.6153411865, -1.57533788681, 4.31485080719, 3.33025598526, -15.2974824905, 22.9280929565, 94.943031311, 27.7815952301], [-145.161895752, -67.8206253052, 13.2754869461, 8.74615955353, 11.8021354675, 10.0741481781, -8.00023365021, 0.562156140804, -1.44516801834, -11.9371490479, -15.7451601028, 27.7815952301, 90.7392730713]]
        icov: [[0.000242688358412, 3.01389882225e-05, 0.000162190917763, 0.000102403246274, 0.000180369068403, 0.000247944932198, -0.000135167458211, 0.00025955287856, 0.00042247059173, -0.000168980128365, 0.00031676836079, 3.15396100632e-05, 0.000342467392329], [3.01389882225e-05, 0.000695258320775, 6.63277023705e-05, 0.000181517782039, -0.000269293494057, 0.00119273504242, -0.000119149997772, 0.00021888766787, 1.94958593056e-05, 0.000527934113052, -0.000226995587582, -0.000279754109215, 0.000547437521163], [0.000162190917763, 6.63277023705e-05, 0.00127177801915, -0.000415469578002, 0.000458715570858, 0.000119953256217, -0.00016169056471, 0.000139989686431, 0.000353205046849, 0.00102406856604, 0.000174073065864, -3.49164110958e-05, 0.000256160885328], [0.000102403246274, 0.000181517782039, -0.000415469578002, 0.00225799693726, -0.000249760953011, -0.000155772810103, 0.00141051819082, -0.00025783534511, 0.00106475700159, -0.001240108395, 0.00103501952253, -2.264284376e-06, 0.000352479313733], [0.000180369068403, -0.000269293494057, 0.000458715570858, -0.000249760953011, 0.00276745855808, -0.00073545135092, -1.65002948052e-05, 0.0012778704986, -0.000609567156062, -0.000110268381832, 0.000469624967081, 0.00153397733811, -0.000655820069369], [0.000247944932198, 0.00119273504242, 0.000119953256217, -0.000155772810103, -0.00073545135092, 0.00635463977233, -0.00230801105499, 0.00149792141747, -0.00161187222693, 0.00110773358028, -0.00121674244292, -0.000848514086101, 0.000631686940324], [-0.000135167458211, -0.000119149997772, -0.00016169056471, 0.00141051819082, -1.65002948052e-05, -0.00230801105499, 0.00652058096603, -0.00307896663435, 0.000871024560183, -0.00142830179539, -0.000105663842987, 0.000497042550705, 9.0231296781e-05], [0.00025955287856, 0.00021888766787, 0.000139989686431, -0.00025783534511, 0.0012778704986, 0.00149792141747, -0.00307896663435, 0.00992051698267, -0.00363750709221, 0.00207683444023, -0.0020048043225, 0.00121923186816, -0.000588122289628], [0.00042247059173, 1.94958593056e-05, 0.000353205046849, 0.00106475700159, -0.000609567156062, -0.00161187222693, 0.000871024560183, -0.00363750709221, 0.0107885915786, -0.00524336844683, 0.00336518883705, -0.00187134114094, 0.00153260829393], [-0.000168980128365, 0.000527934113052, 0.00102406856604, -0.001240108395, -0.000110268381832, 0.00110773358028, -0.00142830179539, 0.00207683444023, -0.00524336844683, 0.0133246732876, -0.00670588761568, 0.00311634526588, -0.000601801788434], [0.00031676836079, -0.000226995587582, 0.000174073065864, 0.00103501952253, 0.000469624967081, -0.00121674244292, -0.000105663842987, -0.0020048043225, 0.00336518883705, -0.00670588761568, 0.0145134441555, -0.00475322362036, 0.00343405711465], [3.15396100632e-05, -0.000279754109215, -3.49164110958e-05, -2.264284376e-06, 0.00153397733811, -0.000848514086101, 0.000497042550705, 0.00121923186816, -0.00187134114094, 0.00311634526588, -0.00475322362036, 0.0146474922076, -0.00515159079805], [0.000342467392329, 0.000547437521163, 0.000256160885328, 0.000352479313733, -0.000655820069369, 0.000631686940324, 9.0231296781e-05, -0.000588122289628, 0.00153260829393, -0.000601801788434, 0.00343405711465, -0.00515159079805, 0.0140513181686]]
    spectral_contrast_coeffs:
        mean: [-0.673580348492, -0.752470910549, -0.807363331318, -0.81957757473, -0.801191091537, -0.77188539505]
        stdev: [0.119223147631, 0.105422176421, 0.0765803679824, 0.0568710677326, 0.0594392232597, 0.0554430820048]
    spectral_contrast_valleys:
        mean: [-7.83171892166, -7.42424058914, -8.1782579422, -8.33139514923, -8.29768943787, -11.5727901459]
        stdev: [0.940951704979, 1.10619747639, 1.00735282898, 0.966331064701, 0.864093184471, 0.88392084837]

rhythm:
    beats_count: 204
    beats_loudness:
        mean: 0.0237960647792
        stdev: 0.0262476541102
    bpm: 117.439964294
    bpm_histogram_first_peak_bpm: 117
    bpm_histogram_first_peak_weight: 0.439393937588
    bpm_histogram_second_peak_bpm: 148
    bpm_histogram_second_peak_spread: 0.547169804573
    bpm_histogram_second_peak_weight: 0.118226602674
    danceability: 1.20002400875
    onset_rate: 3.55418276787
    beats_loudness_band_ratio:
        mean: [0.211640149355, 0.352214545012, 0.211282089353, 0.11241620034, 0.102109730244, 0.0869241505861]
        stdev: [0.181101605296, 0.256657809019, 0.208684667945, 0.148600831628, 0.14847189188, 0.180032923818]
    beats_position: [0.650158703327, 1.31192743778, 1.99691605568, 2.67029476166, 3.29723358154, 3.92417216301, 4.55111122131, 5.15482997894, 5.7701587677, 6.33904743195, 6.93115615845, 7.51165533066, 8.09215450287, 8.67265319824, 9.19510173798, 9.70594120026, 10.22838974, 10.7392292023, 11.261677742, 11.7725172043, 12.1904764175, 12.6200447083, 13.0380039215, 13.5488433838, 14.0596818924, 14.5705213547, 15.0813598633, 15.6038093567, 16.114648819, 16.6254863739, 17.1363258362, 17.6587753296, 18.1580047607, 18.6572322845, 19.1564617157, 19.667301178, 20.1781406403, 20.6889801025, 21.1998176575, 21.7106571198, 22.2331066132, 22.6975059509, 23.1386852264, 23.5914726257, 24.102312088, 24.6247615814, 25.1239910126, 25.6232185364, 26.1224479675, 26.6332874298, 27.1441268921, 27.6549663544, 28.1774139404, 28.6882534027, 29.1874828339, 29.6983222961, 30.1975498199, 30.6967792511, 31.1960086823, 31.776506424, 32.3453979492, 32.8678436279, 33.4019050598, 33.935962677, 34.4700202942, 34.9924697876, 35.5265312195, 36.0722007751, 36.6178665161, 37.1751480103, 37.7324256897, 38.2897033691, 38.9514732361, 39.613243103, 40.2750091553, 40.9367790222, 41.5985488892, 42.2603149414, 42.9220848083, 43.560634613, 44.1991844177, 44.8841705322, 45.5807685852, 46.2773704529, 46.9739685059, 47.6473464966, 48.3091163635, 48.9708824158, 49.6326522827, 50.3060302734, 50.9213600159, 51.5366897583, 52.0359191895, 52.5235366821, 53.0227661133, 53.5336036682, 54.0328330994, 54.5436706543, 55.0545120239, 55.5653495789, 56.0761909485, 56.6334686279, 57.2139663696, 57.794467926, 58.3749656677, 58.9554634094, 59.5127410889, 60.0816307068, 60.6621322632, 61.1729698181, 61.683807373, 62.1946487427, 62.7170982361, 63.2511558533, 63.7736053467, 64.2960510254, 64.806892395, 65.3177337646, 65.8285675049, 66.3394088745, 66.8502502441, 67.4888000488, 68.1273422241, 68.7426757812, 69.358001709, 70.0313796997, 70.7047576904, 71.3549194336, 72.0050811768, 72.6552352905, 73.3170089722, 73.9787750244, 74.6289291382, 75.2790908813, 75.9292526245, 76.5794067383, 77.2295684814, 77.8565063477, 78.4834442139, 79.098777771, 79.7141036987, 80.3178253174, 80.9215393066, 81.5252609253, 82.047706604, 82.5585479736, 83.0809936523, 83.591835022, 84.1026763916, 84.6019058228, 84.9966430664, 85.3797683716, 85.7629013062, 86.1460266113, 86.5407714844, 86.935508728, 87.3302459717, 87.7249908447, 88.1313400269, 88.537689209, 88.9324264526, 89.3271636963, 89.7219009399, 90.116645813, 90.5229949951, 90.9293441772, 91.3356933594, 91.7420425415, 92.1599960327, 92.5547409058, 92.9494781494, 93.3442153931, 93.7505645752, 94.1569137573, 94.5632629395, 94.9696121216, 95.3759613037, 95.7706985474, 96.1770477295, 96.5950088501, 97.0129699707, 97.4309310913, 97.8488845825, 98.2436294556, 98.6383666992, 99.0331039429, 99.439453125, 99.8458023071, 100.252151489, 100.658500671, 101.064849854, 101.471199036, 101.877548218, 102.2838974, 102.678634644, 103.073379517, 103.479728699, 103.886077881, 104.280815125, 104.675552368, 105.070289612, 105.465034485, 105.871383667, 106.277732849]
    bpm_histogram: [0, 0, 0, 0, 0, 0, 0, 0, 0, 0, 0, 0, 0, 0, 0, 0, 0, 0, 0, 0, 0, 0, 0, 0, 0, 0, 0, 0, 0, 0, 0, 0, 0, 0, 0, 0, 0, 0, 0, 0, 0, 0, 0, 0, 0, 0, 0, 0, 0, 0, 0, 0, 0, 0, 0, 0, 0, 0, 0, 0, 0, 0, 0, 0, 0, 0, 0, 0, 0, 0, 0, 0, 0, 0, 0, 0, 0, 0, 0, 0, 0, 0, 0, 0, 0, 0, 0.0147783253342, 0, 0.00985221657902, 0.0246305409819, 0, 0.0640394091606, 0.0394088663161, 0, 0.019704433158, 0, 0.0246305409819, 0, 0.0344827584922, 0.019704433158, 0, 0.00492610828951, 0, 0.0443349741399, 0, 0.0147783253342, 0, 0, 0.0246305409819, 0, 0.00985221657902, 0, 0.0246305409819, 0, 0, 0.0738916248083, 0, 0.182266011834, 0, 0, 0.0689655169845, 0, 0, 0.00492610828951, 0, 0, 0, 0, 0, 0.00492610828951, 0, 0, 0, 0.00492610828951, 0, 0, 0.00492610828951, 0, 0, 0, 0.00492610828951, 0, 0, 0, 0.0344827584922, 0, 0, 0, 0.118226602674, 0, 0, 0, 0.108374387026, 0, 0, 0, 0, 0.0147783253342, 0, 0, 0, 0, 0, 0, 0, 0, 0, 0, 0, 0, 0, 0, 0, 0, 0, 0, 0, 0, 0, 0, 0, 0, 0, 0, 0, 0, 0, 0, 0, 0, 0, 0, 0, 0, 0, 0, 0, 0, 0, 0, 0, 0, 0, 0, 0, 0, 0, 0, 0, 0, 0, 0, 0, 0, 0, 0, 0, 0, 0, 0, 0, 0, 0, 0, 0, 0, 0, 0, 0, 0, 0, 0, 0, 0, 0, 0, 0, 0, 0, 0, 0, 0, 0, 0, 0, 0, 0, 0, 0, 0]

tonal:
    chords_changes_rate: 0.122883193195
    chords_number_rate: 0.00825010892004
    chords_strength:
        mean: 0.503196120262
        stdev: 0.105683863163
    hpcp_crest:
        mean: 11.4344005585
        stdev: 5.61770582199
    hpcp_entropy:
        mean: 2.36947774887
        stdev: 0.855594217777
    key_edma:
        strength: 0.604268610477
        key: "G"
        scale: "major"
    key_krumhansl:
        strength: 0.605387270451
        key: "G"
        scale: "major"
    key_temperley:
        strength: 0.602978289127
        key: "G"
        scale: "major"
    tuning_diatonic_strength: 0.556506514549
    tuning_equal_tempered_deviation: 0.156232923269
    tuning_frequency: 434.946166992
    tuning_nontempered_energy_ratio: 0.866287946701
    hpcp:
        mean: [0.164348348975, 0.135189116001, 0.120230764151, 0.104830875993, 0.103621184826, 0.119385138154, 0.146233707666, 0.155803605914, 0.131562754512, 0.119689673185, 0.117175213993, 0.113788716495, 0.115553118289, 0.137436568737, 0.164916217327, 0.172219887376, 0.153246611357, 0.136564254761, 0.128923982382, 0.11527646333, 0.122364252806, 0.132145792246, 0.131306812167, 0.132085159421, 0.130378872156, 0.138810202479, 0.156783416867, 0.160755887628, 0.1458453089, 0.174534723163, 0.219720035791, 0.20507158339, 0.187666088343, 0.181330278516, 0.162431448698, 0.167390212417]
        stdev: [0.257362604141, 0.225254505873, 0.225855335593, 0.193075224757, 0.197111472487, 0.210915073752, 0.23928630352, 0.26154127717, 0.225865542889, 0.206558287144, 0.205312535167, 0.211106553674, 0.2077023983, 0.233985185623, 0.25750169158, 0.275848090649, 0.234037876129, 0.230110540986, 0.213387414813, 0.202616587281, 0.210851699114, 0.223479315639, 0.223620951176, 0.219798713923, 0.218161374331, 0.236079409719, 0.24893322587, 0.261080801487, 0.236305549741, 0.254481077194, 0.306836664677, 0.283893585205, 0.285830765963, 0.285243809223, 0.261288046837, 0.260573804379]
    chords_histogram: [16.6739044189, 0.868432462215, 2.90924882889, 2.77898383141, 4.08163261414, 7.77247047424, 3.16977858543, 9.68302249908, 5.34085988998, 0.738167583942, 1.47633516788, 0.477637857199, 12.4620056152, 2.3881893158, 9.42249202728, 2.08423805237, 1.60660004616, 4.55927038193, 1.73686492443, 0.477637857199, 1.43291354179, 0.0868432447314, 6.33955717087, 1.43291354179]
    thpcp: [1, 0.933331310749, 0.854114592075, 0.825278759003, 0.739265501499, 0.761834084988, 0.747989833355, 0.615278959274, 0.547199845314, 0.477111130953, 0.471605539322, 0.543351173401, 0.665545642376, 0.709100604057, 0.598774492741, 0.544737160206, 0.533293247223, 0.517880499363, 0.525910675526, 0.62550765276, 0.750574350357, 0.783815145493, 0.697463095188, 0.621537566185, 0.586764812469, 0.524651587009, 0.55690985918, 0.601428031921, 0.597609639168, 0.601152122021, 0.593386352062, 0.631759405136, 0.713559925556, 0.731639623642, 0.663777947426, 0.794350504875]
    chords_key: "G"
    chords_scale: "major"
